94
6
70
-10
24
-29
-51
-60
-10
46
34
-68
10
-82
-58
107
-63
-50
60
7
89
145
51
-163
91
-25
11
64
-114
65
-102
-37
-58
73
-10
83
81
30
-40
104
74
70
107
39
98
-150
-19
87
-1
112
-75
-25
13
98
89
-107
-72
94
-26
9
89
-48
46
-34
-6
34
-40
-4
-50
21
-9
73
-43
75
-141
-93
-45
7
33
-176
117
27
80
-63
-82
151
21
141
-94
-80
49
8
27
-179
-90
-86
42
24
81
62
57
82
48
78
82
-51
-66
-177
-9
50
-78
-33
20
84
84
-143
-32
78
27
-16
114
66
37
-40
-33
33
27
121
6
18
55
37
-6
-32
-64
-99
71
-26
9
9
-106
-43
93
-63
-24
-16
22
27
-44
11
-17
-52
-21
-42
22
-10
-86
-106
-83
33
39
90
-50
-80
-93
19
-20
-42
-10
15
-51
-24
3
44
13
-151
96
1
7
68
-84
11
134
-49
36
120
8
49
16
-34
5
-18
-115
-42
-32
2
-45
44
-48
33
-25
128
89
-8
-24
51
-46
22
-21
24
51
12
92
27
25
111
24
49
43
-34
155
104
52
-20
47
27
-35
70
-58
-22
37
-57
-139
81
-112
81
-100
22
-128
-1
45
100
99
74
18
-271
-69
-15
87
58
3
175
114
41
-35
-21
-10
-39
76
0
-102
-58
12
79
34
-64
73
-15
64
4
66
81
25
16
97
-24
89
7
19
-16
124
-34
-29
-17
-12
-74
-23
20
-113
-12
-104
-5
91
103
-19
-96
-6
-92
33
-24
-51
22
-17
56
-29
-10
58
37
104
-3
-14
25
52
21
45
-99
-145
-22
0
55
18
14
60
-30
-18
54
116
29
-51
-44
0
-1
-59
83
65
-28
101
-23
13
-13
-44
15
-13
-92
-22
42
39
-5
-20
33
-102
21
84
-30
-44
-17
124
52
92
12
-28
-136
16
-46
26
47
-104
-23
-23
-26
-27
-31
-47
117
13
-20
-31
-2
-5
-87
111
5
-76
-27
-9
-53
-77
75
-77
-115
85
68
91
-57
31
-96
-15
-155
42
-17
40
-48
-67
84
-67
-9
-28
98
-38
76
186
-34
19
-61
-80
27
-112
-58
-50
-7
57
-23
38
-17
-29
122
-151
-69
-233
8
5
29
52
-27
-51
63
-33
-42
-87
12
-42
72
51
62
-23
-36
113
-2
28
-105
212
-29
-76
14
46
112
27
65
-46
-65
-17
-9
-47
-49
28
84
44
-50
56
69
3
-99
-65
34
70
38
-35
-135
2
24
43
121
-54
-56
-16
37
-31
0
24
-152
26
83
30
63
-85
35
-68
-50
36
20
-18
0
-24
-53
-108
29
40
-11
-3
-166
-29
20
4
-15
1
122
-40
-17
148
38
-15
114
100
-74
23
20
-99
36
8
6
-38
16
29
17
-68
39
-41
-68
-70
25
10
56
-105
64
118
-16
73
51
165
54
2
41
-113
-45
-53
-18
-73
-18
12
-31
-35
-92
-17
127
0
-40
-22
-55
134
28
137
77
11
-12
90
-158
81
-24
114
-50
22
84
-45
69
-59
-71
17
-50
18
44
35
68
-87
-3
-4
-86
-94
-20
133
143
-19
102
11
111
135
-80
-44
165
15
68
39
-73
134
-155
-22
-64
-23
20
16
47
-117
-106
-29
29
-124
-129
62
40
-62
94
88
-121
146
-48
38
45
-57
39
-36
52
23
2
-47
-94
89
-70
8
-8
47
42
-95
55
-7
51
-56
-95
-3
46
-33
-78
41
-115
189
22
-164
44
-98
177
111
117
11
89
12
-48
-139
-13
-59
79
-79
19
-5
-110
-101
-105
37
242
44
37
-123
54
-22
43
-43
55
44
-131
-46
82
121
80
-23
10
86
-58
71
-41
-13
-7
21
-11
-23
-137
-23
-40
-16
27
-22
116
-11
-158
64
-98
-9
9
-123
42
-66
110
-61
81
-47
-99
-7
-116
-30
-22
-74
-64
-12
20
22
83
4
100
127
-57
38
-43
61
8
-65
-3
-22
35
107
33
-21
33
-27
52
58
98
49
81
71
-19
-43
91
-59
81
80
-59
-16
-60
-113
33
-18
11
36
17
123
6
-164
2
55
-40
-91
33
61
-26
68
26
138
-40
-122
78
-50
-110
6
-4
31
-84
-31
-90
-53
-41
-108
-36
-11
-11
-3
4
-61
100
97
147
2
12
-16
69
-10
59
-2
112
28
-169
29
54
-32
-64
-18
-50
-48
-52
-10
116
-6
-69
165
-76
106
93
28
-73
71
-58
-65
40
65
54
46
26
73
106
-20
-93
-103
-23
-23
-63
-39
14
-59
-21
39
-5
1
-26
48
18
74
-30
55
-15
-46
-92
6
75
-75
-32
87
-37
77
-75
-65
-22
11
-13
26
-51
-15
0
41
-121
-3
-6
121
156
-73
-18
-57
75
-49
13
3
-94
64
118
91
116
53
-114
-6
28
52
99
0
-45
0
82
14
51
-10
87
-53
16
70
10
74
-77
168
-24
-104
-65
-76
-73
19
61
-55
-138
135
4
173
42
-132
-16
0
45
13
-3
-74
61
74
14
-30
35
-5
11
40
-19
3
144
69
-41
-109
-69
97
-11
-2
-45
82
31
119
0
-57
10
33
-12
39
-21
-30
-66
199
-4
-46
8
-40
55
-19
-2
-27
-175
-26
-95
3
69
28
-58
-109
-19
67
41
161
-58
104
78
16
-20
68
-24
-129
58
27
-49
29
160
68
36
40
99
-26
62
-44
60
-30
-6
124
-72
76
-34
-34
-68
-28
-28
41
47
-16
128
54
-80
99
-28
0
25
105
-79
-51
-38
-35
-69
-128
36
44
-35
17
-34
-20
108
77
81
-28
-42
114
70
-88
-32
18
119
11
-9
-18
-39
-24
51
-139
48
3
23
57
29
-84
-142
-31
-63
-7
14
45
56
82
162
-18
2
-31
9
136
-5
43
-14
19
12
-33
-73
34
18
-112
37
-5
29
-13
13
177
82
45
-98
30
-69
-68
-104
-57
28
35
-74
13
43
56
116
45
-24
19
-100
-158
-31
-75
68
27
57
-71
-66
-20
-46
46
95
-152
12
42
-92
-10
-88
15
0
30
-72
62
-49
8
28
39
-118
-149
-78
15
-11
-97
-46
11
21
77
13
1
-148
-59
-103
-26
-50
-40
-21
-229
22
13
32
-105
76
31
-36
-53
85
108
-3
-28
98
10
-21
-45
-49
51
3
-55
122
-5
16
-130
40
-12
-141
-64
-157
27
-51
-23
129
124
74
-32
18
-23
64
-154
81
-97
79
35
190
72
83
-131
112
86
54
-1
74
47
-122
-55
25
92
8
-154
-54
-12
-20
113
40
109
9
111
-103
156
50
-49
37
21
-29
-103
34
42
-97
129
100
61
-22
5
-86
-47
5
-20
-69
-9
-7
-43
76
11
-106
-148
0
-50
37
-153
67
-23
54
143
71
-61
-96
-95
-35
75
-53
54
-21
-14
125
10
-3
-46
56
77
-28
122
12
-114
-13
-39
158
-1
-97
-24
38
40
-106
6
-154
3
46
-33
-115
-96
-78
52
-43
89
-58
18
-21
-37
24
-37
-63
-97
45
129
152
-111
-140
-47
-71
12
-22
-80
-45
16
52
23
-11
-78
46
48
-108
62
-14
34
-70
-40
92
-99
-47
-54
59
-17
7
155
-31
46
79
58
-125
-57
9
-26
6
-14
50
-187
30
78
141
47
-49
-26
-37
183
95
-28
37
19
67
-58
-12
-153
-27
80
114
36
7
-21
-54
75
-56
60
205
-55
-110
78
-135
54
-74
72
39
-3
113
47
18
18
69
-54
129
-109
40
-72
68
-31
89
-124
-22
-68
30
-38
88
-57
13
14
23
36
101
83
120
81
178
39
138
95
88
34
19
55
-49
58
51
42
108
-115
38
20
-16
-6
23
48
-24
37
15
-60
-63
-105
-13
-99
11
26
-9
-26
-112
-77
-47
38
60
3
20
-63
-20
-116
-6
32
-42
-3
-86
54
-30
62
99
-42
-20
13
-32
86
-3
-70
37
51
42
-38
-82
-108
2
-99
4
-144
-52
9
-16
-8
-11
30
-90
-40
2
-22
-34
8
-86
8
-78
-9
-134
-80
-18
-19
17
-25
-84
2
10
-32
148
21
102
-148
-55
18
19
-36
104
-46
-81
-75
65
-9
9
0
79
-7
-47
-153
66
69
17
48
-117
-36
-8
3
-13
-62
-71
-22
31
20
-6
-2
70
12
26
71
125
107
-20
7
-96
-17
52
63
-42
5
10
-143
-16
5
-54
-110
9
-44
-9
-22
45
48
23
-26
-67
21
-61
21
31
-114
-20
-84
12
-124
-29
11
-34
-82
-67
87
22
43
7
-48
-64
-92
1
74
-34
44
-46
93
69
78
-36
-61
28
68
-6
-29
86
21
94
-60
-128
44
-37
-43
42
-31
-44
-123
-74
-98
-35
17
-48
-30
29
-2
-9
76
3
-94
91
180
-53
82
-131
3
10
47
30
66
101
-94
33
34
-53
-22
16
113
109
103
30
-27
63
12
-61
-58
-53
-101
-30
127
-50
-32
-91
-29
-103
90
43
60
-110
-25
20
137
-57
-111
-90
30
-20
-14
29
6
-114
-106
53
-17
37
124
-55
-56
14
-49
9
-57
57
-175
107
28
-12
-109
80
-88
3
24
-52
-105
50
158
-108
-64
-60
48
11
-22
105
-58
-100
42
18
140
110
-32
-65
68
-32
-67
-76
49
-18
-24
-6
-25
94
-44
33
50
31
69
32
221
-77
66
93
-91
122
125
15
-15
-14
-65
5
-3
-31
87
54
-74
83
2
-126
-35
76
-46
5
-87
7
59
34
167
66
-32
-131
123
-111
-88
-49
70
104
63
-88
114
-52
82
-48
-55
60
21
131
34
-16
-144
-26
60
114
-16
-103
-50
-61
67
119
-97
-3
13
35
-43
17
-74
-10
-10
44
-72
73
-155
-25
-7
98
18
65
96
242
47
57
81
-173
57
-2
178
85
-19
-40
125
5
-77
-33
82
73
142
51
-66
-41
-58
-16
96
68
4
-103
-3
-12
67
12
130
-63
-163
38
16
26
-13
-114
-46
-66
100
-141
24
-2
36
-16
-40
3
-50
105
-68
81
67
15
1
101
12
-12
31
26
2
1
19
81
68
-25
40
-79
-10
-16
192
-80
-140
99
-105
113
157
-132
-65
43
-26
-15
-25
-7
-75
0
67
31
-94
13
-30
-42
29
-7
-118
-50
-95
118
101
-42
-167
-68
27
-8
-15
64
89
66
-9
7
-59
-21
92
-61
80
20
8
47
126
49
-52
-213
-28
24
50
19
-10
6
61
-43
61
66
34
13
91
30
-16
94
-2
9
-1
13
19
-43
-32
-14
35
-90
153
-4
66
-14
-96
42
16
-20
-111
37
-19
-121
-13
-41
49
13
-64
82
16
190
32
48
-68
-12
110
77
110
-54
-209
19
-109
10
-77
20
-95
8
-35
-32
23
-60
-66
-141
51
51
42
52
84
18
139
106
63
25
39
-34
62
51
-175
-5
-20
-14
106
-59
-76
122
116
-10
-125
124
32
-79
31
-32
79
0
32
-14
-78
29
51
-66
-70
39
-67
58
-2
122
-42
-101
-136
-8
81
29
-49
-98
50
-9
5
-50
54
-10
4
59
21
-130
3
121
138
2
18
-22
52
4
-18
-62
38
-23
145
53
75
11
-33
93
-122
-108
-50
-86
45
-91
-104
64
-14
-85
-101
104
-113
59
-9
-56
63
101
67
-30
162
-56
-20
-55
-9
-5
65
-42
-13
-59
-55
-6
12
102
45
-17
-84
-28
-67
-82
28
-87
129
-128
20
31
-15
26
-70
-118
-225
35
-54
-21
19
-88
-156
-22
46
108
41
-124
-60
-26
-52
-58
71
-93
21
113
-12
-41
31
-40
-34
4
-10
-32
6
30
-3
114
18
106
4
-71
98
32
-103
-90
23
-65
-16
-92
-144
-8
-88
-26
109
7
-113
-28
-16
-37
-52
127
-5
-95
170
-99
-54
59
-50
121
67
5
-70
-48
58
57
-69
100
75
-51
-135
100
-20
48
148
134
21
9
51
-50
24
85
34
129
67
9
29
-48
-9
-9
-11
-2
-91
148
-4
39
170
9
-72
28
-78
175
41
96
-38
40
-80
-69
-36
45
-16
106
-19
67
-65
-105
-71
13
-61
21
-161
-10
97
95
36
-29
1
61
148
-126
16
-45
122
23
43
171
52
-102
-28
-37
106
-100
44
63
-29
-50
132
54
-109
19
31
74
101
-3
84
169
-41
-88
-5
-22
120
83
41
53
40
-47
-64
-49
-73
19
-2
42
-77
-71
36
-12
39
44
85
-140
-11
-19
76
53
93
-55
-28
110
41
-25
2
154
35
-43
148
38
-11
97
41
-42
58
-22
-24
57
-57
71
-35
16
28
66
-99
-89
-64
3
105
57
-43
-66
-5
25
134
70
-97
-15
-33
64
73
19
-153
36
92
-31
2
-29
116
-73
-157
16
111
76
-109
-2
-26
6
33
39
65
-93
100
-95
-20
23
-10
75
-29
-104
-135
-41
-68
54
-16
-45
4
22
37
20
44
55
-48
-19
39
81
121
-56
-23
-1
-32
-231
36
52
-89
20
-9
36
132
-49
0
115
150
65
-165
71
93
-61
-171
-45
38
65
132
30
-23
22
64
7
-45
-51
-122
-8
-20
-145
-33
-18
47
-109
43
-18
38
11
-23
-119
-95
17
27
46
-6
6
-20
-151
19
15
12
33
130
-3
